Webots Project File version R2023b
perspectives: 000000ff00000000fd0000000200000001000001b6000003b7fc0200000001fb0000001400540065007800740045006400690074006f0072010000001a000003b70000008c00ffffff00000003000007800000006bfc0100000001fb0000001a0043006f006e0073006f006c00650041006c006c0041006c006c0100000000000007800000006900ffffff000005c8000003b700000001000000020000000100000008fc00000000
simulationViewPerspectives: 000000ff0000000100000002000000fc000005010100000002010000000100
sceneTreePerspectives: 000000ff000000010000000300000022000000c0000000fa0100000002010000000200
maximizedDockId: -1
centralWidgetVisible: 1
orthographicViewHeight: 1
textFiles: 1 "controllers/epuck/main.cpp" "controllers/epuck/epuck.hpp"
globalOptionalRendering: DistanceSensorRays
consoles: Console:All:All
renderingDevicePerspectives: e-puck:camera;0;3.32692;0.0804059;0.12
