Webots Project File version R2023b
perspectives: 000000ff00000000fd00000002000000010000017f00000230fc0200000001fb0000001400540065007800740045006400690074006f00720100000017000002300000008900ffffff000000030000078000000151fc0100000001fb0000001a0043006f006e0073006f006c00650041006c006c0041006c006c0100000000000007800000006900ffffff000005ff0000023000000001000000020000000100000008fc00000000
simulationViewPerspectives: 000000ff0000000100000002000000fc000005010100000002010000000100
sceneTreePerspectives: 000000ff00000001000000030000001d000000c0000000fa0100000002010000000200
maximizedDockId: -1
centralWidgetVisible: 1
orthographicViewHeight: 1
textFiles: 1 "controllers/epuck/main.cpp" "controllers/epuck/epuck.hpp"
globalOptionalRendering: DistanceSensorRays
consoles: Console:All:All
renderingDevicePerspectives: e-puck:camera;0;3.32692;0.0804059;0.12
